# sort by border
Puts 21,  deletes 13
[[1, 5, 5, 5, 3, 3, 3, 3], [1, 5, 5, 8, 8, 3, 3, 7], [5, 5, 8, 8, 8, 4, 4, 7], [2, 5, 5, 8, 8, 4, 4, 7], [2, 2, 2, 2, 8, 6, 6, 6]]

# sort by area
Puts 17,  deletes 9
[[1, 5, 5, 5, 3, 3, 3, 3], [1, 5, 5, 8, 8, 3, 3, 7], [5, 5, 8, 8, 8, 4, 4, 7], [2, 5, 5, 8, 8, 4, 4, 7], [2, 2, 2, 2, 8, 6, 6, 6]]

# sort by border
Puts 8,  deletes 2
[[4, 5, 5, 1, 1], [4, 5, 5, 5, 3], [4, 5, 5, 5, 3], [4, 4, 2, 6, 6], [4, 2, 2, 6, 6]]

# sort by area
Puts 12,  deletes 6
[[4, 5, 5, 1, 1], [4, 5, 5, 5, 3], [4, 5, 5, 5, 3], [4, 4, 2, 6, 6], [4, 2, 2, 6, 6]]