-45 38 0
-7 4 1
43 21 1
-47 -32 0
26 29 0
-31 -42 1
50 -26 0
-21 36 1
0 25 1
-6 -12 1
-44 -8 0
1 20 1
-32 -34 0
-39 -34 0
-46 -29 1
3 -42 0
-38 24 1
-10 0 1
-27 26 1
46 45 1
15 -5 1
-18 3 0
23 27 0
-4 -9 0
4 2 1
31 50 0
47 -39 0
-40 24 1
-13 -13 0
14 0 1
12 -47 1
-12 38 1
11 14 0
-45 44 1
27 -45 1
-19 1 0
6 36 1
30 14 1
5 -2 0
37 -35 1
-36 36 0
-37 -18 1
30 37 1
2 23 1
-31 -23 0
45 29 0
-21 -40 0
-23 22 1
-44 17 1
-47 16 0
23 8 1
21 38 1
42 -41 0
36 -6 1
-8 8 1
9 -20 0
15 -29 1
-43 37 1
39 -38 1
39 -50 1
50 -46 0
24 -12 1
-9 35 1
16 -3 0
-26 20 0
-50 31 1
-46 27 1
14 -50 1
46 0 0
43 -44 0
-18 0 1
