-42 28 1
6 -10 1
-50 41 1
4 -25 1
42 -24 1
14 36 0
-6 38 1
-7 -30 0
25 -18 1
-10 43 0
47 23 0
0 -45 1
39 -33 1
-1 6 0
-9 43 1
17 -18 1
-42 34 1
3 -12 0
44 48 0
7 -28 0
47 24 0
-10 -27 0
22 -18 0
32 32 1
-11 22 1
44 -39 1
-16 43 0
-34 -10 1
24 26 0
-22 37 0
4 4 0
-14 16 1
-33 31 0
29 -12 1
27 -47 1
33 33 1
-44 21 1
15 47 1
37 -30 1
-9 31 1
8 41 1
-34 -50 0
13 46 1
40 -29 0
-42 -45 1
-22 8 1
-13 -40 0
28 -9 1
-1 -46 0
-24 -28 0
19 -31 0
-47 -14 0
-29 -35 0
-23 42 0
-9 18 1
36 6 0
28 15 0
18 -48 0
49 27 0
16 -14 1
-48 16 0
-34 21 1
29 10 0
-32 46 0
-48 -7 0
47 23 1
-31 -47 0
19 43 0
-31 41 0
-39 -34 0
21 -2 1
-8 -32 0
3 11 1
-35 -27 0
27 -39 0
-24 -13 0
6 -38 1
34 10 0
-27 -34 1
6 -20 1
33 14 0
41 13 0
-47 -10 0
-17 -41 1
-38 -9 0
40 -38 0
-40 -20 0
27 9 0
38 15 1
33 -34 0
41 -19 1
39 -3 1
7 -7 1
-11 50 0
