-14 19 1
27 30 1
49 -50 1
-8 -33 0
-7 27 0
13 -40 1
20 40 1
-15 -25 0
-29 -37 1
-17 1 0
41 -39 0
-7 -31 0
-13 -27 1
-29 -39 0
47 11 1
-46 48 0
-41 22 1
-31 20 1
4 43 0
41 35 0
-11 -32 1
46 35 0
7 8 0
-11 -48 1
-16 -2 1
-6 17 0
-1 -28 0
-17 -33 1
12 6 1
-44 -23 1
-9 50 1
-23 36 0
-12 37 0
36 -13 1
-16 17 0
20 -34 0
38 24 1
-46 5 1
-10 -13 0
-23 13 1
-26 -19 0
-2 11 1
48 -27 0
-14 50 0
-15 48 0
-6 -15 1
27 36 0
27 48 1
30 -5 0
-2 12 1
14 -16 1
-48 -12 1
-40 3 0
-16 13 0
-34 -3 1
-15 48 1
-14 38 0
-38 27 1
-47 33 0
-34 -47 0
1 -1 0
20 41 0
-11 48 0
-25 -48 1
8 -33 1
17 35 0
-1 29 0
28 -26 1
49 6 0
